               -649.8904719023
         -0.000027400      -0.000000425       0.000003466
         -0.000000425      -0.000031712      -0.000002750
          0.000003466      -0.000002750      -0.000003756
          85
  1     6      -0.017775959       0.036377004       0.058538743  C
  1     6       0.007299804      -0.018390718      -0.002420097  C
  1     6      -0.063401026      -0.009384557       0.027443703  C
  1     6      -0.065875561       0.003588570       0.053831939  C
  1     6      -0.003719471       0.064968073      -0.015180970  C
  1     6      -0.012744527      -0.006719344       0.002003581  C
  1     6       0.122976262      -0.172568300       0.029721978  C
  1     6      -0.119009235      -0.086991576       0.067226113  C
  1     6       0.020307411       0.073537323      -0.005791069  C
  1     6      -0.023227514       0.044517427       0.024423725  C
  1     6       0.092112103      -0.026474487      -0.040258332  C
  1     6       0.039437313      -0.000299741      -0.021218291  C
  1     6      -0.005570230       0.001041080       0.004442783  C
  1     6       0.017090774       0.028139033      -0.012379350  C
  1     6      -0.082759929       0.011839044      -0.055054599  C
  1     6       0.028631502       0.041321121       0.029167747  C
  1     6       0.069824180      -0.069820652       0.024933161  C
  1     6       0.012533446      -0.037771923      -0.002619836  C
  1     6       0.016498269      -0.020664993       0.015515371  C
  1     6       0.002994163      -0.003889891       0.007540021  C
  1     6      -0.089300366       0.018973069      -0.061671292  C
  1     6       0.008573341       0.002406708       0.010815176  C
  1     6       0.006934060       0.013345281       0.009328905  C
  1     6       0.044046662      -0.035099440       0.001138447  C
  1     6      -0.003446030       0.006639382       0.001949070  C
  1     6       0.003431400      -0.024393412      -0.007228925  C
  1     6       0.024717519       0.008136029       0.009588441  C
  1     6       0.007603889       0.016290940       0.001348972  C
  1     6      -0.014622494       0.004598054      -0.022338727  C
  1     6      -0.034610981       0.030991411      -0.001005015  C
  1     6       0.020345999      -0.000178188      -0.001603302  C
  1     6       0.014197073      -0.012161443       0.000697815  C
  1     6      -0.047598765       0.006049742       0.013333608  C
  1     6      -0.002303815      -0.004852250       0.000428968  C
  1     6       0.002983025       0.001686304      -0.001103123  C
  1     6      -0.005311671      -0.002806454       0.001042706  C
  1     6       0.001573556      -0.007136211       0.001599590  C
  1     6       0.000042987       0.003801277       0.000996581  C
  1     6      -0.000008773      -0.005239328      -0.000282832  C
  1     6      -0.000254541       0.003800085      -0.000598622  C
  1     6       0.004860357       0.002659525      -0.001429472  C
  1     6      -0.023376045      -0.045318220      -0.118395688  C
  1     6       0.039383954       0.004391665       0.032010535  C
  1     6       0.048407832       0.009320963       0.019776799  C
  1     6      -0.015101277       0.007539882       0.004293147  C
  1     6      -0.014354790       0.002304222       0.003044830  C
  1     6       0.003989886      -0.007485669      -0.000179224  C
  1     6       0.000374497       0.002795537      -0.001378224  C
  1     6       0.003103406      -0.002002137       0.003474209  C
  1     6      -0.004508806      -0.007555964       0.002271984  C
  1     6      -0.001294395       0.006687150      -0.002167515  C
  1     6       0.004851670       0.004885155      -0.003902009  C
  1     6       0.003267402       0.004918476       0.000597909  C
  1     6      -0.005625709      -0.002168972      -0.003310450  C
  2     1      -0.014219191      -0.011980723       0.000396267  H
  2     1      -0.015307952       0.005370175      -0.008729390  H
  2     1       0.014879779      -0.008164809       0.011888954  H
  2     1       0.001094629      -0.016358361       0.008365078  H
  2     1      -0.016680774      -0.006509750      -0.005523923  H
  2     1      -0.011281168       0.012835444      -0.007829652  H
  2     1       0.007388819       0.017735982      -0.001183375  H
  2     1       0.019064530       0.010334577       0.005263005  H
  2     1      -0.022900982       0.000451980       0.005177433  H
  2     1      -0.010530408      -0.014135016       0.002648394  H
  2     1       0.007442019      -0.018114801       0.000531172  H
  2     1       0.017993234      -0.001150547      -0.001992571  H
  2     1      -0.022236787       0.013497283      -0.000226243  H
  2     1       0.001918871       0.016569401      -0.003142658  H
  2     1       0.018766499       0.006039600      -0.003349000  H
  2     1       0.013253246      -0.012543415      -0.000384502  H
  2     1      -0.027382669      -0.008335663       0.007484657  H
  2     1       0.005177219       0.015860437       0.009654892  H
  2     1       0.001127218      -0.017529300      -0.005434991  H
  2     1      -0.014549686       0.115898077      -0.087749473  H
  2     1      -0.002284648       0.021046571      -0.000628764  H
  2     1       0.012153410       0.012980986      -0.007819600  H
  2     1      -0.006504728      -0.017305291       0.001320418  H
  2     1       0.017375902      -0.007903651      -0.012703381  H
  2     1      -0.000568057      -0.027618645      -0.007762770  H
  2     1      -0.007135299       0.016870764       0.006026080  H
  2     1       0.023530441       0.009887243       0.016142833  H
  2     1      -0.001159450       0.017283429       0.006263969  H
  2     1       0.009977064      -0.025161585      -0.009998033  H
  2     1      -0.001592757       0.018456492       0.004926278  H
  2     1      -0.015396765       0.022102263       0.000148726  H
