               -650.1402855248
         -0.000002718      -0.000002156       0.000001536
         -0.000002156      -0.000000761      -0.000000195
          0.000001536      -0.000000195       0.000000804
          85
  1     6       0.026062590      -0.024235414      -0.023307733  C
  1     6       0.056133672      -0.021910074      -0.025430979  C
  1     6      -0.013448837       0.042417405       0.038283495  C
  1     6       0.036540786      -0.060325148       0.027262828  C
  1     6      -0.004238849      -0.055204137       0.002879552  C
  1     6       0.015133382      -0.016064372      -0.020006503  C
  1     6      -0.049500822       0.054015541       0.059523084  C
  1     6       0.078070262       0.010813906      -0.017145717  C
  1     6      -0.008648063      -0.079554370      -0.005108347  C
  1     6       0.004181473      -0.054067138      -0.022597990  C
  1     6      -0.018298861       0.019274411       0.019886487  C
  1     6      -0.059694162      -0.021946098       0.038225240  C
  1     6       0.010472712       0.022191816      -0.004864596  C
  1     6      -0.025448998      -0.052101053       0.008736005  C
  1     6       0.005768794      -0.031278558      -0.010148393  C
  1     6       0.018113348       0.017520773       0.015319182  C
  1     6       0.014017096      -0.029651383      -0.002471569  C
  1     6       0.005534055       0.054539860       0.020048077  C
  1     6      -0.030565072       0.001001755      -0.014555283  C
  1     6      -0.009609084       0.017986245       0.000405676  C
  1     6       0.005022933       0.054691711       0.019063913  C
  1     6      -0.010203221       0.002405899      -0.002201265  C
  1     6       0.012393781      -0.031495310      -0.001321167  C
  1     6      -0.019658312       0.006262612      -0.003268146  C
  1     6      -0.024192705       0.028083235      -0.004298708  C
  1     6       0.017187458      -0.004434443       0.007025692  C
  1     6       0.044515149      -0.024389596       0.006095934  C
  1     6      -0.029024083       0.031414399      -0.000687076  C
  1     6       0.010805737      -0.003806498       0.001153281  C
  1     6       0.007575200      -0.028760612      -0.004671725  C
  1     6       0.001030551      -0.013223115       0.000479092  C
  1     6       0.008351315       0.009194586       0.000287226  C
  1     6       0.026038438       0.012298843      -0.009011527  C
  1     6       0.003088298      -0.014525809      -0.000458632  C
  1     6      -0.009831051       0.016444899       0.000531538  C
  1     6       0.002172779       0.002438523      -0.000606131  C
  1     6      -0.013652236       0.005798675       0.002852132  C
  1     6       0.013658923       0.007109804      -0.002449697  C
  1     6      -0.018819927      -0.003301678       0.004107976  C
  1     6       0.000004000      -0.003965579       0.000225636  C
  1     6      -0.013618565       0.006711363       0.002149557  C
  1     6      -0.013508457       0.020207329       0.014441912  C
  1     6      -0.017372037       0.017713003      -0.026431281  C
  1     6      -0.031108835      -0.026854810      -0.018468309  C
  1     6      -0.017431921      -0.002540228       0.006704166  C
  1     6      -0.015747941       0.011343828       0.008086543  C
  1     6      -0.011511493      -0.008780185      -0.000614114  C
  1     6       0.012963684       0.005691095       0.004736973  C
  1     6       0.001087414       0.006228892      -0.002675012  C
  1     6       0.010804115      -0.001440149       0.011199710  C
  1     6       0.010067565       0.004702158       0.006643629  C
  1     6      -0.010398860       0.009269286      -0.004757884  C
  1     6       0.000041665      -0.005630780       0.001614291  C
  1     6       0.011976009      -0.004694242       0.008222713  C
  2     1      -0.001416770      -0.005745375       0.001468842  H
  2     1      -0.000301791      -0.001142227      -0.000525938  H
  2     1       0.009366705      -0.007984524       0.005768001  H
  2     1       0.001273397      -0.000275237       0.002042573  H
  2     1       0.000346906      -0.000640798      -0.001868884  H
  2     1      -0.002287156       0.006498781      -0.003398613  H
  2     1       0.001561566       0.002249185       0.000805255  H
  2     1       0.010892641       0.009106403      -0.000627722  H
  2     1      -0.004354489      -0.001051111       0.001586620  H
  2     1      -0.002576565      -0.000624879       0.000481075  H
  2     1      -0.001083289      -0.005993512       0.000593710  H
  2     1       0.001895617      -0.001885171       0.000985700  H
  2     1      -0.005776739       0.002802251      -0.001183888  H
  2     1      -0.001326470       0.000308539      -0.000098449  H
  2     1       0.002977403       0.003269396      -0.000650817  H
  2     1       0.001468245      -0.001297961      -0.000169704  H
  2     1      -0.037327591      -0.004136898       0.012111335  H
  2     1      -0.001684067       0.022831121       0.010834975  H
  2     1      -0.015406093      -0.010644534       0.002598035  H
  2     1      -0.010105682       0.098483659      -0.079747284  H
  2     1       0.002763536       0.023536397      -0.004622301  H
  2     1       0.010773029       0.013597430      -0.007015601  H
  2     1       0.020300416       0.005301492      -0.008284043  H
  2     1       0.033610975      -0.006342326      -0.023025210  H
  2     1       0.002645264      -0.006709784       0.000054351  H
  2     1      -0.000667899       0.001798280       0.003187765  H
  2     1       0.011443026      -0.003251911       0.006253205  H
  2     1      -0.001096480       0.004880200       0.002321606  H
  2     1       0.002386996      -0.036812020      -0.022257475  H
  2     1      -0.007055263       0.016586797      -0.001348325  H
  2     1      -0.017332880       0.008095593      -0.003977329  H
